Areal values from HadUK-Grid 1km gridded climate data from land surface network
Source: Met Office National Climate Information Centre
Monthly, seasonal and annual total precipitation amount for UK
Areal series, starting in 1836
Last updated 01-Aug-2023 10:44
    jan  year    feb  year    mar  year    apr  year    may  year    jun  year    jul  year    aug  year    sep  year    oct  year    nov  year    dec  year     win  year     spr  year     sum  year     aut  year     ann  year
  197.8  1928  213.7  2020  153.9  1981  128.2  2012  131.7  1967  149.0  2012  150.5  1988  166.8  1912  178.5  1950  219.8  1903  215.0  2009  216.9  2015   540.3  2014   327.0  1979   397.1  1879   509.8  2000  1437.8  1872
  189.3  2008  193.3  1990  147.4  1903  123.8  2000  121.0  2021  143.1  1860  145.5  2009  166.6  1917  178.0  1918  199.6  2000  191.7  1951  209.2  1929   505.7  2016   326.9  1947   381.1  1912   466.3  1954  1372.5  2000
  187.0  2014  175.2  2002  146.3  1994  121.1  1998  119.8  1924  136.2  2007  143.5  1939  162.9  1992  172.4  1981  196.8  1967  187.9  1940  196.9  1914   498.2  1995   313.9  1986   378.7  2012   464.9  1935  1343.5  1903
  181.0  1995  171.1  1848  143.9  1979  117.6  1947  118.4  1986  129.3  1872  142.6  1936  159.7  2004  159.5  1866  187.7  1998  186.5  1852  195.5  1999   482.2  1990   311.4  1913   356.8  2007   455.3  1981  1334.1  2020
  178.7  2016  168.3  1997  138.8  1947  114.4  1867  118.1  1925  126.5  1879  142.2  1888  158.5  1956  156.7  1869  182.7  2020  185.5  1929  191.3  1852   474.5  2020   307.8  1920   354.5  1985   447.0  1872  1329.6  2012
  177.5  1948  167.8  2014  132.0  2023  106.7  1920  114.5  1878  125.4  1980  140.1  2023  158.3  1985  152.8  1927  171.5  1938  180.6  1954  190.9  1868   458.0  1877   294.5  1967   354.3  1956   440.0  1984  1325.5  1877
  175.5  1993  151.7  1923  129.3  1897  103.0  1882  114.2  2007  123.5  1912  134.7  2007  155.9  1891  150.4  1935  171.1  1935  176.4  2000  189.6  1876   450.7  1915   294.2  1983   338.5  1860   422.1  1982  1298.4  1998
  174.4  1852  151.3  2022  128.9  2019  102.6  1993  112.8  1886  122.7  1848  134.6  1880  146.1  1903  150.1  1896  168.2  1916  174.1  1970  188.8  1993   439.6  1869   292.4  1981   336.2  1877   420.0  2022  1297.8  1954
  172.3  1974  143.0  1995  128.3  1913  102.1  1913  112.6  2006  121.8  1998  130.7  1940  143.2  1879  146.4  1946  167.8  1932  172.0  2015  188.0  1986   435.8  2007   290.5  2006   335.0  1927   412.0  1938  1293.2  2008
  170.2  1984  140.8  1894  127.9  1992   99.8  1961  109.9  2015  117.8  1838  127.4  1879  142.8  1962  146.0  1885  167.8  2021  171.3  1984  185.5  2013   431.4  1994   290.4  1994   334.5  1872   411.1  1944  1292.8  2014
  169.9  1988  138.7  1915  126.6  1988   99.7  1932  108.4  1969  115.9  1997  126.5  1882  140.5  1930  145.1  1974  166.8  1954  171.1  1939  183.5  1911   429.0  2000   285.5  1903   330.7  2019   409.7  1903  1280.3  2002
  169.9  1990  137.8  1989  126.5  1912   99.0  1899  107.3  1979  113.1  1852  125.0  1871  140.3  1877  145.1  1839  165.3  2004  170.4  1877  179.9  1915   422.0  1916   284.5  1862   327.5  1848   406.2  1967  1271.8  1999
  168.5  1975  137.4  1950  124.5  1989   98.7  1935  107.0  1932  111.8  1907  123.5  1920  138.7  1910  141.7  1965  165.1  2001  168.6  1963  178.3  2012   417.5  1937   280.0  1963   326.6  1946   403.4  1976  1265.3  2015
  165.9  1872  135.1  1937  123.1  1876   96.9  1843  105.5  1983  111.0  1931  122.7  1915  137.9  2014  141.6  1976  164.3  1917  167.2  2022  177.9  1959   412.0  2021   277.9  1992   326.5  1903   398.7  1998  1256.2  1852
  165.7  1877  134.3  1916  122.7  1914   96.7  1871  101.7  1906  110.4  2017  120.9  1924  136.7  1948  140.2  1999  164.1  1987  164.8  1888  176.9  1934   399.4  1960   276.7  1932   325.8  2020   398.3  2006  1247.8  1882
  164.9  1999  134.0  1925  122.5  2008   96.3  1846  101.6  2002  110.0  1928  120.9  1957  135.3  1878  135.5  1995  163.4  1976  163.1  2002  174.2  1994   399.0  1984   269.1  2000   325.0  1931   397.3  1960  1238.4  1928
  154.1  1994  132.4  1977  122.2  1836   96.0  1934  100.7  2011  109.2  1882  119.7  1956  134.8  1860  135.4  1968  163.2  1843  163.0  1926  172.8  2006   392.5  1920   267.6  1998   321.9  2009   392.8  1950  1232.2  2019
  153.5  2015  131.6  2000  120.6  1963   95.0  1950   99.4  2014  109.0  2019  119.7  1918  134.7  2008  135.4  1872  162.6  2013  162.6  1944  170.2  1979   390.9  1974   261.9  1925   321.7  2008   389.2  1875  1218.0  1912
  152.9  2007  126.1  1966  120.4  1982   94.5  1994   99.1  1843  107.6  2020  119.3  1861  134.0  1951  133.8  2000  162.0  1870  161.4  1946  167.0  2020   386.3  1894   260.3  1886   321.6  1882   389.1  1930  1217.4  1992
  151.6  1937  122.6  1910  118.6  1861   93.4  1925   98.7  1993  106.6  1948  119.2  1895  132.6  2019  133.5  1863  160.3  1909  161.4  1982  166.6  2011   386.0  1925   260.1  1993   314.9  2004   388.4  1974  1216.5  1994
  151.4  1962  121.7  1866  117.4  1896   93.4  1910   98.1  2003  106.6  1927  118.5  1839  132.2  1950  132.1  1924  157.9  1862  161.3  1992  163.2  1965   385.3  2008   259.8  1867   314.1  2017   387.0  1852  1213.4  1986
  151.1  2004  121.6  1869  117.4  1905   93.1  2004   97.8  1955  104.8  1966  118.4  2012  132.1  1868  131.5  1984  157.6  1928  160.4  1938  163.1  1900   382.5  1930   256.7  1951   313.4  1980   386.2  2009  1208.9  2004
  149.9  1983  121.0  1935  116.3  1851   92.8  1970   96.8  1862  103.5  1991  118.0  1953  132.1  1927  128.7  1975  157.4  2014  158.6  1872  161.3  1919   381.1  1848   256.3  1972   312.0  1852   385.0  2019  1208.1  2009
  148.4  1866  120.1  1883  114.4  1978   91.5  1859   95.5  1942  103.4  1987  116.6  1922  131.9  1946  126.1  2019  157.2  1981  158.0  1986  159.0  1966   380.1  1923   255.6  1882   311.4  1948   384.1  1836  1204.3  1960
  148.4  1930  117.8  1885  113.7  1919   91.3  1966   95.1  1931  102.6  1863  116.3  1875  131.8  1941  125.9  1883  157.0  1846  157.5  1861  157.4  1912   379.4  2002   253.2  1999   310.4  1958   383.6  1940  1204.2  1967
  148.0  1921  117.4  1893  113.3  1908   91.2  1949   94.5  1920  101.5  1935  116.1  1931  129.8  1881  123.1  1983  156.6  1891  154.7  1931  157.3  1978   375.2  1853   253.1  1966   308.6  1881   382.3  1970  1203.7  1990
  146.7  1943  117.0  1868  112.4  1987   91.0  1992   94.5  1945   99.0  1982  114.8  1846  127.9  1923  123.0  1962  156.6  1923  153.2  2006  156.7  2000   370.6  1999   250.2  2015   308.5  1950   379.4  1929  1203.6  1923
  146.4  1986  114.4  1958  110.9  1842   91.0  2005   94.1  1907   98.9  1958  114.2  1950  125.6  1889  122.1  1874  154.8  2008  150.0  1836  153.4  1891   370.6  1912   249.6  1897   308.2  1954   378.5  1841  1199.1  1982
  146.3  1863  113.8  2011  110.7  1986   90.9  1959   93.8  1958   96.1  2016  113.5  1903  123.2  1865  120.7  1876  154.5  1865  149.9  1890  151.8  1924   369.9  1883   248.7  1908   307.1  1888   377.5  1918  1198.0  1927
  145.8  1890  113.7  1900  110.5  2006   90.8  1991   93.0  1954   95.2  1862  113.3  1853  123.0  1892  119.9  1957  153.8  2002  149.1  1960  151.4  1983   367.0  1910   246.7  2014   305.7  1924   377.3  1927  1195.7  2007
  145.4  1938  113.5  1914  106.7  1862   89.9  1983   92.6  1847   95.1  1945  113.1  1877  122.2  2020  119.7  1982  153.7  1949  148.1  1974  149.3  1847   365.3  1943   246.6  1916   305.7  1861   377.2  1923  1193.1  1948
  144.9  1851  112.2  1974  106.6  1920   89.6  2001   91.8  2013   94.3  1946  111.6  1960  121.9  1957  118.9  1954  153.4  1906  147.7  1996  148.2  1872   364.8  2015   246.5  2008   304.6  1988   377.2  1980  1188.0  1950
  143.8  1939  111.8  1876  106.6  1967   89.0  1972   91.2  1916   94.3  1938  109.8  1872  121.3  1897  118.6  1841  153.1  1872  145.9  1882  147.2  1985   364.2  1872   245.1  2002   304.2  1846   376.8  1874  1187.8  1966
  142.9  1884  110.6  1945  106.1  1848   88.6  1999   90.7  1943   94.2  1954  109.6  1932  120.5  1986  118.2  1992  151.4  1841  145.0  1928  143.7  1949   363.6  1928   244.3  1968   302.5  1910   375.4  1992  1185.5  1951
  142.6  1906  110.3  1922  105.4  1868   87.4  1951   89.5  1972   93.8  1999  109.2  1836  120.2  1900  117.2  2017  148.4  1980  144.2  1969  143.6  1955   362.1  1935   244.1  1907   299.7  1957   375.0  1885  1181.7  1981
  141.1  1873  110.1  2007  105.2  1998   86.8  1931   89.4  1981   93.8  1990  109.0  1867  119.9  1874  117.2  1958  148.2  1929  143.8  1959  142.9  1898   356.8  1922   241.3  1877   297.2  1917   374.0  1883  1180.7  1974
  140.4  1875  110.1  2016  104.5  1951   86.1  1850   89.0  1865   93.7  1839  109.0  1938  119.6  1852  116.5  1967  147.5  2022  143.4  1935  141.7  1896   356.6  1866   241.1  2019   296.5  1839   372.5  2012  1179.6  1916
  139.6  2021  109.6  1904  103.9  1859   85.4  1922   87.3  1997   92.5  1972  108.2  2008  118.7  1905  116.4  1944  147.5  1960  142.4  1977  140.8  1982   356.3  1939   240.9  2023   296.5  1891   368.9  1877  1179.5  1848
  137.5  1920  109.1  1967  103.9  2018   85.2  1904   86.4  1966   91.2  1897  107.8  1855  118.0  1841  116.3  1899  147.3  1874  140.9  1930  140.0  1910   354.7  1980   240.7  1899   295.5  1930   368.6  1882  1176.9  1938
  137.3  1868  108.6  1951  102.6  1980   84.8  1986   86.3  1898   90.5  1985  107.6  2015  117.3  1954  115.9  1859  146.5  1907  139.4  1911  139.9  1886   354.1  1966   240.7  1934   294.9  1838   366.5  2008  1174.1  1866
  137.2  1926  108.3  1903  102.1  1921   84.7  1985   85.6  1973   89.6  1965  107.0  2010  117.0  1988  115.8  1861  145.5  1875  138.3  1842  139.8  1901   352.5  1957   239.0  1889   293.6  1998   365.0  2020  1173.2  2006
  135.4  1932  107.2  1970   99.4  1860   83.9  2018   85.4  1860   89.5  1890  106.1  1884  116.4  1960  114.0  1864  145.0  1961  138.3  1991  139.6  2019   351.5  1967   238.4  1843   292.7  1890   364.1  1932  1171.5  1979
  134.3  2002  106.5  1872   98.8  1983   83.4  1889   84.5  1976   89.1  1971  105.7  1985  115.7  1943  113.3  2010  143.6  1855  138.0  1875  139.1  1974   350.0  1988   237.9  1988   290.3  1928   363.3  1839  1167.1  1930
  134.1  1998  106.2  1880   97.8  1909   83.3  1877   84.2  1968   88.2  1853  104.6  1873  115.0  1895  113.2  1836  142.7  2006  136.1  1914  138.9  1951   349.9  1899   236.9  1868   288.7  1992   361.8  1928  1163.6  1924
  132.4  2018  105.4  2021   97.7  2017   82.5  1963   83.7  1869   87.5  1963  103.5  1958  114.7  1846  111.9  1871  142.6  1990  136.0  1979  138.8  1948   349.1  1998   236.5  2005   288.6  1960   359.1  1891  1162.6  2011
  131.4  1903  105.3  1850   95.2  1888   81.4  1927   83.6  1840   86.7  2002  103.3  1894  114.7  2009  111.8  2012  141.6  2005  136.0  1950  138.5  1954   347.7  2013   235.8  1872   288.2  1875   358.9  1863  1160.9  1988
  131.0  1899  105.1  1881   94.9  2015   81.2  1876   82.9  1892   86.1  1875  102.0  1930  114.3  1952  111.8  1930  141.0  1982  135.1  2012  138.1  1897   347.0  2004   235.6  1989   287.2  1938   358.4  1869  1155.1  1980
  130.9  1900  105.1  1941   94.7  1990   81.0  1862   82.2  1854   85.5  1881  101.9  1909  113.7  1873  110.8  1923  140.7  1983  133.3  1883  137.3  1869   346.6  1950   235.5  2018   282.6  1895   358.0  1917  1149.7  1993
  130.7  1849  104.7  1837   94.5  1864   80.8  1965   81.7  2009   85.3  1900  101.5  1965  113.4  1963  110.6  1892  139.8  2019  132.5  1881  137.1  1956   344.2  1958   234.7  1909   281.4  1853   357.5  2002  1148.2  1900
  128.5  1853  104.1  1933   94.4  1977   80.7  1919   81.7  1938   84.7  2011  101.3  2017  113.3  1924  110.4  1879  138.0  1892  129.0  1916  135.4  1942   344.0  1975   234.5  1914   281.4  1907   355.0  1926  1148.0  1876
  127.2  1869  103.4  1918   94.4  1928   80.7  1975   81.4  1885   84.7  2004  100.4  1946  112.9  1866  109.2  1980  137.3  1984  127.1  1895  135.3  1909   343.9  1903   233.8  1964   281.1  1965   352.5  1995  1147.2  1946
  126.8  1978  102.7  1877   94.2  1882   80.4  1977   81.0  1913   84.3  1856   99.6  1886  112.5  1863  108.8  1908  137.1  1853  127.0  1910  135.1  1845   342.8  1868   233.5  1878   280.2  1894   352.5  1916  1144.7  1868
  126.5  2005  101.9  1928   94.1  1995   80.3  1909   79.2  1856   84.2  1892   99.3  1851  111.7  1848  108.6  1932  136.6  1996  126.3  1840  133.1  1997   341.0  1900   232.5  1969   279.4  1841   349.7  2005  1138.8  1965
  125.8  1886  101.8  1996   94.1  1991   80.2  1953   79.0  1902   82.8  1877   98.5  1970  111.3  1861  107.9  1948  136.3  1930  126.2  1972  131.4  2014   339.5  1926   232.2  1987   279.2  1873   349.4  1963  1133.4  1935
  125.7  2023   99.6  1931   92.8  1968   79.6  1898   78.7  1877   82.8  1944   98.4  2002  111.3  2012  107.4  2011  135.5  1885  125.7  1981  130.7  1936   339.3  1961   231.7  1905   278.9  1892   349.0  1987  1128.3  1910
  124.7  1936   98.1  1960   92.1  1940   79.2  1989   78.5  1903   82.2  1845   98.3  1883  110.5  1928  107.0  1856  132.7  1848  124.4  1947  130.7  1980   337.3  1983   231.6  1924   278.1  1966   348.9  2001  1127.5  1920
  124.6  1840   98.1  1911   91.9  1927   78.1  1907   78.3  1923   82.1  1955   98.0  1968  110.3  1982  106.3  1880  132.2  1968  124.2  1949  130.4  1990   336.1  2012   230.9  1977   277.6  1900   343.5  2004  1124.2  1883
  124.2  1927   97.2  1957   91.6  1895   77.9  1964   78.1  1891   81.5  1896   97.0  1890  109.0  1961  106.1  1840  132.1  1944  123.9  1913  130.2  1918   335.7  1913   230.8  1985   276.0  1987   343.4  1968  1123.8  1836
  123.4  1960   97.1  1946   91.4  1881   77.5  1923   78.0  1899   81.0  1851   96.7  1954  108.8  1942  105.8  2008  131.2  1847  123.3  2014  129.4  1882   335.6  1948   230.5  2012   275.8  1936   343.2  1999  1121.4  1841
  122.7  1965   96.9  2001   90.2  1844   77.3  2016   77.9  1894   80.1  1947   96.4  1893  108.2  1845  105.7  1875  130.8  1882  123.2  1997  128.4  1964   332.5  2001   229.2  1876   275.2  1939   342.6  1866  1120.5  1970
  122.1  1942   96.2  1884   89.9  1957   77.3  1901   77.6  2000   79.8  1936   96.3  1927  108.0  1958  105.2  2022  130.2  1934  123.0  1905  127.6  1893   332.3  1873   229.0  2007   274.9  1845   342.4  1861  1118.4  2017
  121.6  1913   95.3  1961   88.7  1999   76.2  1905   77.5  2022   79.2  1883   96.0  2020  107.8  1921  104.1  1961  128.5  1989  122.7  2010  127.1  1866   330.8  1867   228.5  2021   273.6  1953   341.8  1880  1114.9  1958
  121.3  2020   94.9  1844   88.2  2007   76.1  2008   77.4  1889   79.2  1968   95.8  1849  107.5  1929  103.1  1994  127.2  1943  121.8  1906  126.7  1921   328.4  2022   228.2  1965   271.1  1862   339.3  1946  1113.0  1918
  120.4  1883   94.7  1939   87.0  2021   75.9  1857   76.9  1963   78.7  2008   95.4  1910  107.2  1979  103.0  2004  127.2  1886  121.7  2018  125.9  1960   328.3  1977   228.0  1860   268.6  2015   337.0  1892  1108.1  1891
  119.8  1922   93.8  1980   86.0  1916   75.9  1858   76.8  1858   78.5  1880   94.5  1993  106.4  1971  102.9  1953  126.5  1942  120.5  1838  125.7  1922   326.2  1884   226.4  1846   266.6  1922   336.5  2010  1106.0  1931
  119.3  2009   93.7  1920   85.8  1886   75.8  1979   76.7  1872   78.4  1854   94.4  1858  106.2  1890  102.8  1942  125.6  2012  120.2  2003  125.6  1884   325.5  1962   223.6  1919   265.8  2011   335.6  1949  1104.4  2021
  118.5  1867   93.4  2017   85.6  2001   75.7  1924   75.9  1904   78.1  1926   93.3  1862  105.9  1904  102.5  1925  125.5  1877  119.5  1880  123.7  1841   325.4  1946   223.6  1927   264.9  1963   332.5  1924  1104.1  1860
  118.1  1957   93.2  1926   85.3  1872   75.3  1880   75.9  1999   77.7  1964   93.3  1881  105.6  1894  102.4  2006  125.2  1900  119.5  1980  122.5  1998   322.9  1885   222.5  2016   264.4  1897   332.2  1878  1103.5  1977
  118.1  1961   92.4  1954   84.7  1884   75.2  1868   75.0  1964   77.7  1911   93.2  1848  105.4  2011  102.3  1956  125.0  1863  119.1  2019  121.7  2003   321.6  2018   220.9  1898   263.7  1997   330.8  2021  1102.2  1985
  117.9  1894   90.8  1852   84.7  1954   75.1  1836   74.9  1879   77.5  1943   93.0  1998  104.7  2015  102.3  1978  124.9  1966  118.6  1894  120.6  1880   319.1  1931   220.7  2009   263.1  1855   330.0  1977  1101.4  1894
  117.6  1860   90.3  1988   83.8  2016   74.7  1848   74.6  1849   77.2  1878   92.0  1843  104.5  1898  101.8  1878  123.1  1896  118.6  1917  120.6  2017   318.8  1852   220.5  1904   262.9  1851   329.9  1961  1101.1  1914
  117.5  1956   90.3  1871   83.4  1890   74.2  1849   74.5  1926   77.1  1977   91.8  1959  103.8  1934  101.8  1903  122.6  1940  118.4  1998  120.0  1907   318.4  1863   219.5  1906   262.3  1883   329.5  1991  1100.7  1862
  117.1  1919   90.1  1861   83.1  1839   73.8  1872   74.3  1962   76.5  1836   91.8  1914  103.6  1980  101.4  2018  122.0  2011  117.4  1953  119.0  1989   316.3  1989   219.2  2013   262.2  1866   328.6  1886  1096.5  2016
  116.7  1972   89.6  1992   83.0  1857   73.6  1856   72.6  2005   76.0  1956   91.2  1841  102.6  1989  100.8  1960  121.8  1878  117.3  1869  118.3  1972   315.8  1993   219.0  1912   260.2  1871   328.5  1996  1096.2  1886
  116.5  1944   89.0  1898   81.2  1941   73.0  1996   72.2  1867   75.1  1861   90.8  1912  102.3  2017  100.7  1891  121.3  1867  116.5  1850  118.3  1854   314.0  1970   218.4  2001   259.7  2016   328.4  2011  1092.1  1875
  115.2  1915   88.6  1994   81.1  1846   72.2  1973   70.8  1965   74.7  1846   90.3  1840  101.8  1907  100.4  1897  121.2  1873  116.1  2005  117.8  1938   312.7  1945   218.4  1922   259.2  1943   327.3  2018  1090.4  2022
  114.0  2003   87.9  1906   81.0  1952   72.2  1960   70.4  1947   74.2  1888   90.3  1942  100.3  1966  100.3  1934  120.8  1836  116.1  1927  117.7  2018   312.2  1991   218.3  1859   258.9  2002   327.2  1876  1090.1  1984
  113.8  1934   87.4  1879   80.9  1964   71.7  1962   70.4  1841   73.8  1855   89.1  2019   98.3  1922  100.2  1985  120.5  1952  116.0  1839  117.3  1957   310.8  1986   217.1  1937   256.7  1843   326.3  2017  1089.4  1957
  113.3  1971   86.7  1897   80.8  1937   71.5  1940   70.0  1910   73.4  1866   88.5  1850   98.0  1931   99.7  1993  118.8  1898  115.7  1843  117.0  1958   307.7  1849   215.5  1848   256.7  2014   324.1  2013  1087.3  1932
  113.1  1946   85.2  1867   80.6  1934   69.9  1908   69.1  1929   72.7  1909   88.4  1923   97.5  2010   98.4  1936  118.7  1924  113.6  1978  116.0  2022   307.2  2005   215.2  1949   253.6  1856   322.7  1859  1086.9  1863
  112.6  1951   84.9  1978   79.8  2014   69.8  2023   68.8  1985   72.5  1876   87.8  1974   97.0  1977   98.3  1887  118.6  1988  113.5  1971  115.3  1945   306.0  1949   214.3  2004   253.1  1909   321.7  1939  1085.0  1983
  112.4  1958   84.4  1882   79.3  1877   69.4  1916   68.1  1953   72.2  1916   87.5  1837   96.9  1908   98.2  1943  118.1  1986  112.5  1866  114.3  2007   305.9  1919   213.1  1910   252.9  1971   319.8  1896  1084.3  1939
  111.6  1969   83.2  1943   79.1  1939   69.3  1853   67.5  1949   71.6  2005   87.4  1891   96.8  2001   97.1  1970  117.8  1845  112.1  1844  114.2  2021   305.4  1978   212.8  1888   252.3  1923   319.0  1965  1084.0  2013
  111.4  1991   83.2  1999   79.0  2009   69.3  1897   67.3  1917   71.5  1924   86.7  1992   96.5  1843   96.3  2016  117.6  1959  111.9  1900  113.8  1856   305.3  1979   212.6  1970   251.4  1920   318.5  1864  1082.8  1926
  111.4  1976   81.9  1998   78.6  2010   69.1  1926   67.2  1937   71.4  1894   86.5  1973   96.1  1856   93.7  1987  117.3  1860  110.1  1898  113.7  1862   305.0  1846   212.0  1982   250.4  1962   318.3  1951  1082.0  1961
  110.1  2012   81.8  2008   78.5  2020   69.1  1937   66.2  1873   71.2  2003   85.9  1865   95.4  1872   93.6  1857  117.3  1995  110.0  1899  113.5  1923   302.7  1956   211.7  1942   250.4  1951   318.0  1906  1079.6  2005
  109.7  1846   81.4  1859   78.5  1866   68.9  1911   65.8  1875   71.0  1917   85.5  1987   94.7  1970   93.2  1886  117.2  1895  109.9  1923  113.3  1881   301.7  1987   211.1  1836   250.0  1880   316.4  1899  1076.6  1944
  109.7  2013   81.4  1972   78.2  1889   68.6  1863   65.8  1842   70.1  1841   85.0  1908   94.4  1906   93.1  1988  116.4  1893  109.6  1999  113.2  1930   300.2  1892   210.2  1885   249.7  1878   315.6  1847  1071.9  1968
  109.1  1910   81.1  1865   78.0  1970   68.0  2002   65.6  1996   70.0  1847   84.9  1978   93.8  1953   92.6  1852  116.3  1933  109.1  1864  112.1  1946   300.0  1904   209.9  1931   249.0  1982   314.9  1983  1067.1  1906
  108.9  1912   81.0  1856   77.9  1901   67.6  1948   65.6  2012   69.9  1952   84.8  1961   93.0  1974   92.6  1998  116.3  1889  108.6  1878  110.8  2004   298.2  1951   207.6  1902   248.8  1836   314.2  1890  1067.0  1943
  108.6  1970   80.4  1889   77.8  1972   67.5  2014   65.5  1908   69.6  1871   84.7  1937   92.8  1838   92.5  1945  116.0  1880  108.5  1841  110.7  1877   298.1  1981   207.6  1991   247.5  1929   314.0  1870  1066.0  1869
  108.5  1865   79.9  2015   77.4  1976   67.4  2006   65.4  1948   69.5  1864   84.5  1845   92.2  1859   92.4  1849  115.4  1945  108.2  1886  109.7  1984   297.6  1933   207.4  1857   246.8  1970   312.8  1943  1063.6  1839
  108.4  1904   79.1  1870   77.3  1985   67.3  1968   65.4  1952   69.1  1901   84.3  1980   92.0  2006   92.3  1873  114.8  1883  108.0  1994  109.2  2002   297.2  1955   206.9  1950   246.3  1918   311.5  1986  1062.2  1978
  107.8  1916   78.4  1908   76.6  1965   66.4  1930   64.8  1951   68.6  1840   84.2  1838   91.9  1999   92.0  2005  113.8  1926  107.7  2017  109.1  1925   296.6  1911   206.9  1940   246.1  1961   310.8  1979  1061.8  1934
  106.5  1862   78.1  1912   75.8  1971   66.2  1939   64.6  1900   68.4  1910   82.3  1947   91.2  1850   92.0  1882  113.7  1912  107.4  1874  108.6  1836   296.5  1840   206.6  1954   245.6  1974   310.5  1845  1061.8  1846
  106.4  1931   77.5  1984   75.5  2002   65.7  1943   64.1  1934   68.4  1993   81.6  2001   90.9  1876   91.3  1952  112.7  1868  106.8  1966  107.5  1952   295.6  1898   206.4  1952   244.9  1968   309.4  1994  1060.8  1987
  105.6  1854   77.4  1949   75.5  1894   65.3  1885   64.1  1850   68.3  1973   81.5  1854   90.7  1837   90.0  1842  111.1  1970  106.5  1965  107.2  1858   294.7  1938   206.1  1923   244.2  1941   306.9  1846  1057.2  1925
  105.5  1952   76.3  1849   75.4  1966   65.1  1847   63.9  1941   68.2  1843   81.3  1941   90.6  1888   88.9  2001  111.1  1925  106.3  1936  107.0  1992   292.8  1837   205.4  1851   244.1  1865   306.7  1966  1054.6  1861
  105.5  1874   76.3  1948   75.3  1874   64.9  1987   63.6  2019   67.7  1857   81.0  1896   90.3  1919   88.8  1963  109.8  1859  105.9  1845  106.4  1973   292.6  1870   204.2  1894   244.0  1926   306.4  1843  1053.6  1936
  104.4  1843   76.0  1899   74.6  1959   64.4  1969   63.1  1884   67.1  1969   80.1  1975   89.9  1965   86.8  1845  108.7  1858  105.9  2008  106.1  1940   291.7  1936   203.9  1858   243.6  1945   305.1  1952  1053.5  2018
  104.4  1968   76.0  1864   74.3  1841   64.2  1944   62.9  1918   66.9  1903   79.7  1926   89.9  1916   86.6  1973  108.5  1927  105.4  1941  105.9  1895   288.6  1851   202.9  1921   242.9  1863   304.1  1848  1050.3  1995
  103.3  1977   74.5  2010   73.9  1984   63.9  1895   62.7  1921   66.7  1844   79.4  1852   89.7  1901   86.1  1947  108.0  1894  104.9  2020  105.8  1863   288.1  1906   202.5  1926   242.8  2010   303.8  1990  1049.6  1915
  102.7  1923   74.3  2004   73.5  1902   63.6  1915   62.0  1922   66.7  1981   79.0  1929   87.4  1964   86.1  1951  108.0  1852  104.9  2016  105.7  1859   286.5  1901   202.1  2003   238.5  1915   303.2  2014  1049.3  2001
  102.3  1924   74.0  1927   73.3  1867   63.2  1874   61.8  1881   65.8  1905   78.9  1967   87.1  1987   84.8  1893  107.5  1941  103.8  1847  105.2  1944   285.8  1882   201.2  1847   238.2  1896   301.6  1900  1048.7  1997
  102.2  2011   73.4  1936   73.1  1906   62.9  2013   61.8  1838   65.4  1902   78.5  2016   87.1  1902   84.0  1991  107.4  2009  103.6  1876  105.0  1916   285.4  1952   201.2  1841   237.7  1973   299.3  1873  1047.8  1929
  102.1  1982   73.1  1982   72.9  2005   62.8  1900   61.4  2016   64.8  1974   78.3  2003   86.6  1893   83.0  1868  107.2  1991  103.3  1912  104.8  1928   285.2  2023   200.9  1978   237.6  1944   298.9  1936  1045.6  1874
  101.9  2000   73.0  1955   72.8  1933   62.6  1879   61.0  1944   64.6  1919   77.9  1842   86.3  1926   82.6  1867  107.0  1977  101.8  1891  104.6  1962   285.0  1887   200.9  1943   237.1  1905   298.6  1911  1045.1  1881
  101.6  1918   72.2  1969   72.2  1873   62.0  1917   60.7  1982   64.5  1898   77.7  1945   86.1  1925   82.3  2021  106.7  1948  101.3  2007  104.2  1920   284.8  1941   200.9  1945   237.0  1840   298.3  1840  1045.0  1989
  101.5  1836   71.6  1962   71.9  1907   61.8  1886   60.4  1890   63.5  1939   77.6  1933   85.9  1882   82.2  1990  105.1  1918  101.0  1865  104.1  1902   283.9  1897   200.5  1973   236.4  1986   298.2  1953  1042.7  1907
  100.7  1959   71.1  2019   71.9  1891   60.2  1990   60.3  1852   63.4  1913   76.5  1991   85.8  2007   82.1  1858  104.2  2018  100.4  1863  103.9  1839   283.3  1860   200.2  1879   236.4  2001   297.1  1913  1042.7  1859
  100.2  1925   70.9  1907   70.9  1922   60.1  1878   59.7  1995   63.1  1842   75.9  1866   85.8  1875   81.5  1919  103.5  1939   99.8  1995  102.5  1961   282.8  1859   200.2  1917   236.1  1837   296.5  1898  1038.6  1878
   99.5  1857   70.4  1991   70.9  1917   60.1  1888   59.5  1930   62.8  1994   75.7  2011   85.4  2005   80.7  1977  103.0  1854   99.0  2011  100.6  1848   280.9  1908   199.4  1955   235.6  1952   296.2  2015  1036.5  1909
   98.6  1947   69.8  2005   70.8  1855   60.0  2009   59.1  1946   62.8  1989   75.6  1889   85.3  2000   80.6  1847  103.0  1957   98.9  1919  100.2  2009   279.3  1865   198.8  1959   235.1  1908   295.7  1881  1035.9  1897
   97.8  1981   69.8  1836   70.5  1975   60.0  1952   59.0  1914   62.1  1950   74.5  2021   85.1  2016   80.0  1938  103.0  1876   98.8  1985   99.4  1894   278.0  1875   197.6  1976   233.9  1964   292.3  1842  1034.9  1880
   97.3  1989   69.6  1981   70.1  2004   59.6  1903   58.9  1870   62.0  1978   74.0  1844   85.0  1844   79.4  1955  102.7  1971   98.4  1976   98.7  1906   276.2  1921   197.3  1948   233.4  1916   291.8  1948  1032.2  1922
   97.0  1945   69.6  1940   70.1  1930   57.1  1838   58.9  1992   62.0  1959   73.5  1944   84.8  1883   79.4  1922  102.1  1839   97.8  1837   98.5  1932   275.7  1965   197.3  1997   232.3  1867   291.7  1893  1030.9  1949
   95.0  1933   68.9  1973   70.0  1932   57.1  1869   58.5  1988   61.8  2022   73.4  1925   84.3  1839   78.7  1848  101.4  2017   96.9  1859   98.2  1969   274.9  1914   196.9  1962   232.3  1850   291.2  1853  1030.9  1962
   94.4  1979   68.6  1987   69.4  1838   56.6  1841   58.4  1882   61.8  1953   73.2  1856   84.1  1857   78.2  1926  101.4  1979   96.7  1973   97.5  1967   271.6  2003   196.0  1930   231.8  1999   289.7  1909  1030.0  1940
   94.1  1859   68.6  2018   67.7  2000   56.2  1967   57.9  1971   61.7  2009   73.1  1966   84.0  1938   77.4  2020  101.4  1958   95.8  1975   96.4  1899   270.0  1842   195.6  1891   230.7  1942   289.1  1838  1028.5  1845
   93.6  1878   68.4  1842   66.9  1997   55.1  1902   57.7  1912   61.4  1933   72.3  1857   84.0  1949   77.4  1884  101.0  1913   94.9  2001   96.0  1837   269.7  1850   194.8  1901   230.2  1854   288.5  1934  1025.5  1956
   91.8  1895   67.9  1840   66.6  1942   54.8  1971   57.6  1888   61.0  1929   72.1  1900   83.8  1967   76.5  1920  100.5  2010   94.3  1918   95.9  1908   266.6  2009   194.6  1869   229.5  1874   288.3  1862  1024.7  1991
   91.4  1887   67.2  1839   65.5  1936   54.1  1837   57.5  1883   61.0  1873   72.0  1951   83.8  1997   75.1  1917   99.7  1871   93.9  1887   95.9  1904   266.6  1857   194.5  1995   227.8  1893   288.2  1957  1024.3  1867
   90.9  1845   65.0  2006   64.4  2013   53.6  1933   57.2  2017   60.7  1960   71.7  1892   83.7  1918   74.9  1966   98.4  1994   93.5  1885   94.5  1849   266.5  1972   193.9  1864   227.5  1858   285.1  1895  1021.5  1898
   90.8  1980   65.0  1905   64.3  1948   52.9  1851   56.6  1909   58.3  2000   71.5  1904   83.0  2018   74.9  1838   97.5  1849   93.3  1952   94.0  1860   265.3  1918   193.7  1941   225.7  1889   284.6  1959  1021.4  1917
   89.8  1949   63.7  1892   63.8  1845   52.9  1914   56.2  1868   58.0  1859   71.3  1916   83.0  1973   74.9  1853   97.0  1837   92.9  1967   93.7  1977   265.0  1969   193.0  1975   225.7  1844   282.8  1931  1019.9  1884
   88.1  1882   61.9  1976   63.7  1899   52.8  1988   56.1  1977   58.0  2001   70.6  1969   82.7  1994   74.9  1937   96.0  1901   92.7  1848   93.5  1935   264.2  1997   191.9  1884   224.9  1993   282.1  1849  1019.9  1942
   85.8  1954   60.7  1874   63.5  1885   52.4  1845   55.9  1863   57.9  1837   70.4  2004   82.6  1851   74.7  1862   95.9  1992   92.2  1849   92.6  1976   263.1  2011   191.1  1871   224.2  1914   280.8  1865  1018.3  1879
   85.7  1955   60.5  1953   63.0  1871   51.1  1945   55.4  1974   57.5  1920   70.4  1902   82.5  1862   74.5  1964   95.7  1851   91.2  1987   92.1  1870   262.7  1890   190.8  1890   224.1  1857   279.3  1888  1016.9  1899
   83.5  1967   60.1  1846   62.7  1879   51.0  1866   55.0  1987   57.0  1858   70.3  1859   81.4  1855   74.4  1870   95.4  1864   90.5  1893   91.9  1871   262.7  1982   190.5  1990   224.0  1978   279.1  1905  1015.1  1919
   83.1  1892   60.0  1860   62.3  1950   50.8  1894   54.1  1933   56.9  1957   69.8  1928   81.3  1944   73.3  1979   95.3  1890   90.4  2013   91.5  1842   260.1  1876   190.2  1849   223.7  1904   278.4  1925  1014.7  1885
   82.5  1908   59.8  2009   61.8  1911   50.4  2003   53.8  1864   56.9  1885   68.8  1964   80.4  1914   73.2  1904   95.2  1974   89.0  1884   90.6  1874   259.7  1878   190.1  1961   223.2  1991   278.0  1975  1011.6  1913
   82.3  1844   59.6  2013   59.7  1938   50.4  1887   53.3  1845   56.3  1937   68.0  1948   80.2  1915   73.1  1940   95.0  1955   88.5  1907   90.6  1937   258.3  1881   189.9  1881   222.9  1902   277.0  1988  1011.3  1911
   81.2  1856   59.4  2012   59.6  1969   49.8  2022   52.4  1855   56.2  2015   67.8  1907   79.9  1853   73.0  1877   94.2  1936   88.4  1892   89.9  1888   257.7  1871   188.5  1971   221.3  1876   274.6  1868  1011.3  1890
   80.0  1841   59.1  1971   59.4  1904   49.6  1942   51.8  1915   54.5  2014   67.4  1899   78.9  1998   72.3  1905   94.0  1993   88.1  1903   89.8  1987   256.9  1973   188.3  1838   220.5  1859   274.5  1942  1004.3  1843
   79.5  1885   58.8  1854   58.9  1926   49.4  1946   51.8  1911   53.6  1970   66.6  1986   78.5  1996   72.2  1913   93.7  1838   87.6  1932   89.7  1864   255.6  1968   188.1  2017   220.1  1901   273.5  1912  1002.4  1969
   79.5  1837   58.6  1841   58.9  1878   49.3  1955   51.4  1957   53.2  1908   66.5  1981   78.5  1909   72.0  1909   93.4  1999   87.4  1943   88.5  1867   255.5  1924   188.0  1842   218.7  1934   273.3  1969  1001.2  1952
   79.5  1909   58.6  1938   58.8  1993   49.3  1918   51.1  2004   53.2  1891   66.1  1943   78.0  1840   72.0  1860   92.2  1881   86.7  1964   88.3  1850   254.2  1947   187.9  1958   216.5  2005   272.8  1958  1001.2  1937
   79.4  2010   58.6  1919   57.7  1865   49.1  1981   51.1  1897   53.0  1930   66.0  1934   77.1  1978   71.0  2013   92.0  1963   85.8  1846   87.5  2008   254.1  2010   187.3  1996   216.0  1990   272.3  1850  1000.9  1963
   79.3  1891   58.4  1863   57.2  1880   49.1  1883   50.3  1927   52.6  1850   65.9  1874   76.9  1969   71.0  1881   91.8  1844   85.8  1873   87.5  1981   253.9  1902   185.9  2011   215.5  1979   272.0  1871   997.5  1945
   78.9  2001   57.4  1843   56.6  1949   48.6  1941   49.6  1950   52.3  1961   65.2  2013   76.2  1858   70.1  1969   90.7  1911   85.1  1901   87.4  1887   253.3  2019   184.0  1896   214.6  1969   269.0  1844   996.8  1873
   78.8  1992   56.7  1913   55.2  1945   48.6  2019   49.6  1893   52.2  2023   64.8  1962   75.6  1896   69.4  1850   90.5  1857   84.3  1854   87.1  1883   253.3  1843   182.4  1911   214.0  1935   268.3  1978   993.9  1888
   77.9  1842   55.5  1838   55.0  1898   47.9  1978   49.6  1994   52.1  1914   64.3  2014   73.8  2002   69.0  1890   90.1  1899   83.3  1902   86.9  1889   251.1  1954   182.4  1861   213.5  1967   267.1  1993   987.0  1849
   76.7  1914   55.5  1853   53.8  1915   47.7  1896   49.1  1887   51.8  1984   64.0  1963   73.4  1935   68.4  1911   87.2  1910   82.5  1897   86.6  1865   251.0  1992   182.4  1874   213.1  1977   267.1  1887   986.7  1959
   76.4  1985   55.5  1851   53.8  1869   47.5  2010   49.0  1846   51.8  1922   63.9  1997   72.9  1867   67.5  1837   86.9  1884   81.6  1924   84.7  1913   249.9  1996   182.3  1953   213.1  1849   266.0  1860   986.4  1972
   76.1  1870   55.4  1878   53.6  1883   47.3  1928   48.5  1857   51.0  1906   63.4  1887   72.8  1990   67.5  1898   86.4  1850   81.5  1920   82.6  1991   249.2  1864   181.8  1928   210.1  1884   264.3  1907   986.0  1896
   76.0  2017   53.8  1847   53.6  2003   47.3  1936   48.4  1960   51.0  1979   61.3  1901   72.2  2013   66.9  2007   84.9  1902   81.2  1915   82.2  1931   249.0  1927   181.4  1850   207.4  1989   262.3  1837   980.8  1871
   75.7  1839   53.7  1968   53.1  1974   46.9  1890   47.8  2008   51.0  1983   60.6  1860   71.2  1849   65.8  1901   84.5  1869   80.8  1961   82.0  1903   246.8  1893   180.5  1933   205.4  1842   258.9  1894   978.4  1908
   75.3  1871   53.7  1887   52.3  1955   45.8  1956   47.7  2018   50.8  1967   59.7  2000   70.9  1945   65.1  1844   83.8  1905   80.6  2021   81.9  1947   246.6  2017   178.2  1939   204.5  1919   258.2  1985   978.0  1892
   74.7  1996   53.6  1979   51.3  1858   45.6  1864   47.0  1961   50.4  1867   59.5  1917   70.5  1920   64.8  1931   82.9  1937   79.2  1853   81.2  1968   243.9  1959   178.0  2022   203.8  1898   257.3  1997   977.0  1865
   73.6  1941   53.2  1857   51.1  1887   45.6  1891   45.5  1984   49.3  1986   59.4  2005   70.3  1854   64.7  1902   81.2  1921   79.0  1990   81.2  1988   242.3  1861   177.2  1895   203.4  2000   256.0  1962   974.1  1976
   71.9  1917   52.5  1944   50.9  1962   45.5  2015   44.5  1956   48.9  1934   58.2  1921   68.8  1911   64.5  1900   80.0  1956   79.0  1868   80.5  2005   241.8  1942   175.9  1865   203.3  1972   255.2  1914   973.8  1947
   71.2  1901   52.2  1901   50.7  2022   44.6  1906   43.8  1874   48.5  2013   57.9  1995   68.2  1939   64.1  1846   79.7  1964   78.6  1962   79.5  1875   241.1  1976   175.9  1935   203.0  1932   253.2  1884   963.8  1904
   69.9  1850   48.4  2003   50.6  1958   44.1  1884   43.3  1940   48.4  1895   57.9  1972   68.2  1887   63.8  2009   78.3  1950   77.6  1870   79.0  1857   240.4  1886   174.7  1863   202.7  1937   253.1  1971   962.2  1847
   69.7  1973   47.6  1845   50.5  1946   43.7  1870   43.3  2001   47.8  1899   57.8  1876   67.8  1968   61.7  1997   77.8  1953   77.2  1948   77.3  2016   235.4  1971   174.1  1880   200.5  1906   251.9  1857   960.3  1895
   69.7  1902   46.9  1875   50.4  1925   43.5  1958   42.5  1866   46.3  1904   57.4  1949   66.6  2021   61.3  1889   74.9  1887   76.7  1860   77.0  1950   233.7  1874   172.1  1866   199.8  1994   250.7  1947   949.4  1850
   68.9  1876   46.7  1983   50.4  1960   43.3  1860   41.8  1975   46.1  1849   57.4  1971   65.7  1871   59.3  1928   74.8  1920   76.4  1908   75.7  1861   233.4  1889   172.0  1856   199.4  1886   250.0  1919   945.4  2010
   68.5  1898   45.4  1942   50.3  1923   43.1  1997   41.7  1970   44.8  1893   57.3  1979   64.3  1842   58.9  1989   73.7  1888   75.8  1968   74.4  1941   233.3  1944   171.1  1960   198.5  1940   248.2  2016   941.1  1853
   68.0  1893   44.4  1902   50.2  1863   42.1  1875   41.7  1880   44.7  2021   55.2  1996   64.1  1885   57.8  1949   73.2  1915   75.2  2004   74.3  1838   231.5  1907   169.5  1845   198.4  1959   247.9  1989   939.8  1893
   67.5  1864   44.3  1909   49.7  1910   40.7  1995   41.3  1998   44.4  1951   55.0  1906   63.1  1836   57.0  1914   72.4  1997   73.7  1904   74.2  1878   229.7  1856   169.2  1915   197.1  1933   246.9  1901   939.7  1953
   65.6  1858   43.5  1947   49.4  2011   40.1  1929   40.1  1928   43.7  1874   54.3  1994   63.0  1884   56.5  1912   72.1  2015   73.5  1993   73.4  1995   227.2  1932   168.8  1957   190.2  1911   245.9  1941   937.4  1838
   65.5  1950   43.4  1896   48.7  1996   38.8  1855   39.9  1837   43.0  1918   54.2  2018   62.1  1993   55.3  1916   70.8  1965   71.0  1921   72.9  1953   223.7  1879   166.8  1873   188.0  1868   245.4  1973   936.8  1941
   65.3  1940   43.4  2023   48.6  1870   38.4  1839   39.6  1901   42.8  1962   53.1  2006   61.7  1975   53.8  2003   70.7  1866   67.9  1857   72.5  1885   223.1  1905   165.1  2010   187.2  2006   241.6  1897   935.3  1971
   64.9  1966   42.9  1873   45.0  1854   38.0  1921   39.1  2023   42.3  1869   52.6  1905   61.6  1937   53.7  1915   69.7  1919   65.5  1922   70.7  1939   221.3  1985   162.0  1855   185.9  2013   241.0  1910   935.2  1996
   64.6  2019   42.8  1888   44.9  1956   37.7  1892   38.9  2010   42.3  1996   51.9  1897   60.6  1847   52.9  1921   69.2  1861   65.3  1957   69.8  2001   220.2  1953   161.2  1900   185.8  2021   240.8  1964   932.7  1905
   64.2  1935   42.2  1855   44.5  1943   36.6  1881   38.7  1978   42.1  2006   51.4  1952   59.2  1886   52.1  1854   65.9  1840   65.2  1988   68.5  1971   219.6  1909   160.3  1883   184.5  1921   240.3  1858   931.7  1889
   63.1  1889   42.1  1886   44.0  1935   35.8  1976   38.1  1905   41.0  1884   49.6  1919   58.0  1933   52.1  2015   65.6  1856   64.8  1925   67.9  1975   218.8  1862   159.0  1946   179.3  1847   239.9  1867   931.6  1856
   63.0  1847   41.5  1956   43.9  1853   35.7  2011   37.4  1861   40.7  1870   49.4  1990   57.9  1932   47.1  1933   64.5  2007   64.0  1955   67.5  1855   218.2  1844   157.0  1839   179.1  1981   239.8  1956   928.8  1973
   62.9  2022   41.0  1952   43.5  1847   34.8  1912   37.2  1936   40.6  1886   48.6  1847   56.5  1984   47.1  1939   63.9  1842   60.4  1989   67.5  1873   217.2  1839   155.9  1938   177.5  1975   239.5  1854   925.1  1901
   62.2  1905   39.6  1924   43.3  1961   33.2  2017   36.1  1851   39.2  1992   48.4  2022   54.2  1870   45.7  1929   63.9  2003   60.4  1871   66.9  1996   210.7  1917   154.0  1918   176.1  2003   238.4  1955   923.5  1842
   62.2  1879   38.0  1964   42.7  1973   30.9  1982   35.6  1990   38.6  1976   47.3  1870   53.4  1936   44.3  1996   63.4  1931   58.9  1889   64.2  1943   209.9  1880   154.0  1892   175.9  1996   237.9  2003   921.4  1975
   62.1  1888   37.4  1929   42.4  1843   30.6  1844   35.5  1839   38.4  2010   46.1  1999   52.9  1972   42.7  1906   62.1  1914   58.0  1934   63.9  1927   209.0  1895   153.7  1944   173.7  1925   237.9  1908   918.6  1964
   61.9  1907   36.6  1862   41.9  1918   30.0  2020   35.3  1853   37.0  1988   45.7  1864   51.9  2022   40.7  1895   62.1  1973   57.5  1856   63.0  1970   208.2  1896   151.3  1870   172.2  1947   236.5  1889   915.2  1857
   60.6  1848   36.5  1975   41.4  1849   29.2  1865   34.6  1848   36.1  1923   44.4  1976   50.0  1864   40.7  1888   59.3  1985   57.4  1956   61.6  1879   205.5  1940   151.2  1854   171.9  2018   232.9  1902   910.8  1864
   59.3  2006   35.2  1985   40.0  1875   28.9  1954   33.3  1959   35.7  1975   43.7  1911   45.9  1981   40.6  2002   59.1  1969   57.3  1909   61.3  1892   204.9  2006   150.6  1887   169.2  1949   232.8  1920   908.9  1837
   58.9  1896   34.3  1963   36.7  2012   28.3  1873   33.1  1935   35.6  1915   42.0  1989   45.9  1869   38.8  1851   58.8  1904   57.3  1933   60.3  1917   200.5  1854   150.0  1936   165.2  1864   232.7  2007   907.0  1851
   58.5  1911   33.9  1917   36.2  1837   28.3  1984   32.9  1939   35.5  1932   39.7  1982   44.6  1959   37.0  1971   58.7  1897   55.7  1862   57.7  1905   192.3  1888   149.3  1980   162.1  2022   230.2  1945   903.6  1854
   58.2  1861   33.3  1993   36.1  1924   27.5  1957   32.8  2020   35.1  1865   39.0  1935   43.9  1913   36.8  1855   54.4  1962   54.2  1958   54.5  1846   190.9  1929   148.5  1853   159.9  1885   230.0  1856   900.1  2003
   55.5  1897   31.9  1858   34.6  1893   26.6  2007   32.0  1989   34.7  2018   38.9  1977   43.3  1991   36.2  1972   53.5  1975   51.1  1983   53.7  1851   189.1  1855   147.9  1875   157.1  1887   223.9  1855   891.2  1921
   52.2  1953   30.0  1890   34.1  1953   26.4  1861   31.4  1871   32.6  1868   38.9  1885   41.2  1899   35.4  1986   52.7  1908   50.2  1851   50.9  1926   186.9  1838   147.7  1984   156.3  1899   220.7  1933   889.8  1840
   48.7  1929   26.2  1959   33.8  1900   24.0  1854   29.2  1919   31.6  1942   38.7  1869   40.0  1940   33.0  1941   52.6  1879   49.4  1858   47.1  2010   179.6  1841   141.3  2020   145.0  1984   210.5  1972   882.2  1955
   45.1  1987   24.9  1930   33.4  1892   23.2  1840   28.4  1980   31.0  1941   38.3  1983   38.6  1983   32.3  1894   52.4  1978   46.9  1879   41.0  1843   176.6  1858   135.3  1956   142.2  1870   209.9  1879   881.7  1902
   43.7  1964   24.6  1965   31.2  1850   23.1  1893   25.0  1876   29.7  1995   37.3  1878   36.9  1880   29.3  1907   48.1  1972   46.5  1896   41.0  1840   171.5  1963   132.4  1844   142.1  1955   208.2  1915   876.5  1858
   42.1  1880   24.2  1891   28.5  1944   21.5  1852   22.9  1859   27.8  1940   36.7  1984   30.7  1955   27.4  1843   47.0  2016   46.2  1937   39.7  1963   171.3  1847   130.2  1837   140.1  1913   205.7  1904   854.9  1870
   35.4  1838   24.0  1921   28.0  1931   20.5  2021   22.6  1991   27.8  1949   34.7  1898   26.7  2003   26.9  1910   46.5  1922   45.3  1942   37.8  1890   170.4  1934   125.5  1929   127.9  1983   205.2  1921   830.8  1933
   32.6  1963   23.1  1934   19.2  1856   18.4  1980   21.8  1895   25.5  1887   32.7  1913   24.2  1976   25.2  1865   40.5  1951   43.5  1855   36.1  1853   164.6  1845   123.1  1974   126.8  1869   203.9  1937   830.4  1844
   32.5  1881   17.8  1895   18.9  1852   14.6  1974   18.8  1896   24.6  1889   29.3  1955   18.4  1995   23.3  1959   40.2  1947   36.0  1867   33.5  1933   141.4  1891   121.0  1840   107.3  1976   191.4  1922   807.3  1887
   28.9  1997   17.3  1986   16.3  1929   14.4  1938   13.8  1836   18.4  1921   27.8  1863    9.9  1947   22.5  2014   31.4  1946   22.3  1945   26.1  1844   121.3  1964   107.3  1893   105.9  1995   184.8  1851   787.2  1855
   28.5  1855    9.6  1932   14.2  1840   11.2  1842   11.6  1844   14.2  1925   23.2  1868    ---  2023    ---  2023    ---  2023    ---  2023    ---  2023     ---  1836   100.7  1852     ---  2023     ---  2023     ---  2023
