Areal values from HadUK-Grid 1km gridded climate data from land surface network
Source: Met Office National Climate Information Centre
Monthly, seasonal and annual total duration of bright sunshine for UK
Areal series, starting in 1910
Last updated 01-Aug-2023 10:44
    jan  year    feb  year    mar  year    apr  year    may  year    jun  year    jul  year    aug  year    sep  year    oct  year    nov  year    dec  year     win  year     spr  year     sum  year     aut  year     ann  year
   69.7  1959  101.3  2008  166.9  1929  223.8  2021  266.9  2020  265.1  1957  256.9  1955  259.4  1947  172.2  1959  120.0  2003   78.9  1925   64.0  2001   193.0  1963   626.0  2020   672.1  1976   341.3  1959  1586.3  2003
   66.5  2001   99.1  2019  165.7  2022  223.0  2020  243.1  1989  264.4  1940  250.4  1911  251.2  1995  163.2  1911  119.6  1959   77.4  2005   56.7  2014   191.7  2018   555.4  1948   664.6  1995   333.1  1971  1579.5  1995
   63.6  2022   98.0  2018  157.7  2003  211.8  2015  240.6  2018  248.2  1925  249.7  2006  240.9  1976  160.7  1991  114.1  1997   77.1  2006   54.4  2008   190.7  2015   530.1  1929   656.5  1911   330.3  2003  1560.1  2018
   63.1  2023   94.4  1970  149.8  2012  205.4  1942  237.8  1948  247.5  2023  247.4  2013  208.4  2022  160.0  1928  113.9  1971   76.0  1988   52.9  1962   189.7  2001   525.3  1990   645.8  1989   314.4  1986  1555.9  1989
   61.3  1952   93.4  2003  143.8  1948  203.3  2007  234.8  1992  246.6  1975  244.6  1989  201.1  1911  158.7  1914  111.5  1919   75.6  1996   50.1  2009   187.6  2000   519.2  2007   623.1  1975   306.0  1911  1548.5  1955
   60.0  2003   92.7  1949  143.0  1933  202.3  1914  225.0  1990  243.1  1949  239.4  1990  197.7  2003  157.6  1933  111.4  2018   75.3  1989   49.8  1946   186.1  2019   513.6  2011   615.5  2018   305.9  1996  1542.1  1911
   59.6  1963   87.7  1988  141.8  2007  202.3  2011  223.5  1980  235.8  1960  234.0  2018  196.5  1975  151.9  2015  108.8  2008   74.3  2016   49.4  2022   184.5  2003   513.0  2009   605.1  1949   305.9  1928  1537.7  2022
   59.5  1965   86.8  2004  139.2  2009  201.9  1984  219.9  2001  234.4  2018  226.9  1935  190.3  1933  151.6  1971  108.7  1922   71.9  1923   49.1  1961   184.0  1949   509.9  2003   596.0  1955   305.7  2018  1531.3  1959
   59.3  1991   84.5  2016  138.5  1955  195.6  1912  217.8  1977  231.7  1970  224.3  1934  190.1  1983  151.5  1964  105.7  1931   70.8  1977   49.0  1967   183.5  2008   506.6  2015   591.9  2006   301.8  1997  1527.8  1949
   58.4  2015   83.0  2001  136.1  2020  186.9  1990  215.7  1935  230.8  1969  223.8  1976  189.9  1989  150.4  1915  104.7  2022   70.8  2017   48.6  1929   182.7  2023   505.4  1955   587.3  1933   301.3  1929  1498.0  2020
   58.2  2012   82.7  1996  132.6  1995  182.4  1921  214.5  1959  220.8  1921  221.9  2014  183.5  1991  150.2  1929  104.6  2010   70.0  2013   48.3  1999   179.2  1952   503.2  1956   584.6  2022   301.1  1921  1489.5  1929
   57.9  2000   82.4  1989  132.4  1982  181.6  2003  213.1  1943  220.1  1996  213.0  1984  183.3  1919  150.1  1986  104.5  2016   69.9  1915   47.1  1976   174.0  2004   499.4  1982   584.0  1959   300.2  1964  1481.9  1921
   54.7  2017   81.7  1960  131.7  1967  181.4  2010  212.9  1915  213.8  1930  211.5  1971  182.1  2005  146.7  1997  104.4  1995   69.2  1973   47.0  1960   170.2  1962   496.3  2010   575.3  1940   299.8  2006  1481.5  1990
   54.7  1933   81.4  2000  131.1  1931  179.8  1954  212.5  2009  213.7  1939  210.6  1983  181.1  1955  146.2  2003  102.9  1921   69.1  1947   46.8  1948   168.7  2002   491.1  1921   575.2  1996   299.5  1923  1479.5  1975
   53.7  1940   80.5  1963  130.9  1953  177.1  1969  211.8  1997  213.1  1951  207.4  1995  180.8  2016  144.9  2020  102.3  1999   68.9  1965   46.4  2010   168.1  1989   488.5  1953   574.4  2013   298.3  1999  1472.3  2006
   53.5  1931   79.3  1934  130.7  1924  173.8  1948  211.0  1929  212.2  1950  207.0  1999  180.1  1984  142.9  2019  101.4  1955   67.6  1971   46.2  1957   167.8  1933   487.7  2022   574.4  1984   298.1  2016  1465.7  2009
   53.3  1984   78.8  1955  130.3  1910  173.4  1945  210.7  1971  211.3  1989  204.9  1921  179.6  1997  142.6  1987  101.3  1920   67.0  1910   46.0  2019   167.7  1985   487.5  2021   569.7  1947   294.9  1919  1454.4  2019
   53.3  2010   77.9  1957  129.5  1956  172.1  1951  210.7  1956  210.6  1959  200.3  1917  177.8  1959  142.5  1921  101.3  1917   66.5  1985   46.0  2005   165.0  2010   485.1  2016   568.0  2014   294.0  1915  1444.9  2015
   52.7  2009   76.9  1928  126.0  2014  170.9  2002  210.5  1919  209.7  1915  195.9  1943  175.1  2019  142.4  1979  101.3  1981   65.8  1998   45.7  2012   164.6  2022   484.9  2017   565.4  1934   293.7  1955  1444.8  1933
   52.7  1962   76.6  1985  125.8  1973  168.7  2019  209.4  2000  208.7  2010  195.6  1959  174.4  1990  141.6  1934  100.9  1986   64.7  1975   45.7  1965   164.6  2020   482.2  1942   564.0  1921   293.7  2010  1444.5  2010
   52.2  1989   75.6  2015  121.6  1972  168.6  1962  209.1  1922  208.6  1962  194.4  1997  173.8  1926  141.3  1940  100.6  1994   64.1  2003   45.6  2004   164.5  1988   480.5  1995   563.6  1969   289.8  2012  1436.1  2007
   51.7  1979   75.3  1999  121.0  2015  168.0  2022  208.6  1921  208.3  1917  193.9  1928  172.8  1914  141.1  2004   99.6  2007   64.1  1969   45.3  2003   162.1  1959   476.1  1946   559.8  1983   288.4  1988  1427.1  1976
   51.6  1994   74.8  2014  120.9  2011  168.0  1946  208.3  1946  207.4  1976  193.5  1949  172.7  1998  140.1  1955   99.6  1956   64.0  2010   45.0  1994   161.8  2005   475.2  1943   556.5  1935   288.2  1979  1420.0  1997
   50.9  1910   74.8  2013  119.1  1961  167.8  1968  208.1  2016  207.4  1933  191.6  1996  172.3  1944  139.0  1954   99.5  1939   63.3  1986   44.6  2017   161.1  1934   475.1  1989   550.1  1925   286.7  1947  1417.4  2016
   50.9  2007   74.4  1973  119.0  2017  167.2  1974  208.1  1911  207.3  1914  191.5  1994  171.5  2000  138.7  1996   98.8  1965   62.5  1918   44.3  1951   160.3  2009   474.8  2012   547.5  2003   286.2  1975  1416.5  2014
   50.8  2019   74.2  1968  118.9  1943  166.3  2013  207.6  2017  207.3  1967  190.4  2021  170.4  1953  138.4  2012   98.7  1961   62.4  1952   44.1  2007   160.3  2007   470.9  2019   540.0  1950   285.0  1973  1410.9  2013
   50.2  1967   74.1  1986  118.6  1965  165.1  1955  207.2  1975  206.7  2006  189.6  1933  169.5  2014  138.0  2006   98.1  1951   62.0  1976   44.0  1952   159.9  1999   470.7  1949   534.9  1917   284.5  2007  1406.7  1999
   50.1  1999   74.1  2022  116.5  2016  163.0  1956  207.2  2023  206.0  1995  187.4  1969  169.5  2007  137.9  2002   97.7  1952   61.8  2018   43.9  1984   159.4  2012   468.9  2008   534.9  1990   284.0  1987  1406.7  2001
   49.9  1980   73.6  1952  115.8  2010  162.7  1980  206.7  1949  205.1  1918  185.2  1977  168.5  1949  137.5  1923   97.3  1998   61.5  1972   43.8  1917   159.2  2014   467.5  1980   532.6  1928   283.8  1933  1402.2  1935
   49.7  2011   73.4  2020  115.2  2019  162.7  1938  206.5  1982  205.1  1911  184.0  1918  167.5  1981  136.0  1949   96.9  1929   61.4  1999   43.8  1925   159.0  1930   466.4  1922   528.3  1926   283.1  1991  1398.0  1984
   49.1  2018   72.6  1943  115.1  1938  162.6  1916  204.0  1966  203.0  2009  183.5  1929  166.5  1937  135.4  1919   96.7  1936   61.3  2012   43.6  1996   158.5  2006   466.3  1997   527.9  1918   283.0  1995  1398.0  2011
   48.2  1956   72.5  1933  114.7  2008  162.5  1953  202.4  2005  197.8  1929  180.0  1975  165.0  1964  134.6  1999   96.6  1926   61.1  1930   43.5  1979   157.5  1968   463.2  1915   526.7  1919   282.7  1914  1392.2  1943
   47.9  1928   72.2  1910  113.9  1997  161.9  2006  201.8  1955  197.6  1920  179.5  2022  164.7  1923  132.4  2018   96.4  1993   60.0  1961   42.9  1970   156.9  1967   457.5  1935   526.2  1994   279.5  2005  1389.7  1996
   47.2  1985   71.5  1967  113.4  1990  161.4  2009  201.0  1942  196.8  2022  175.8  1941  164.3  1973  131.7  1981   95.6  1975   60.0  1948   42.7  1973   156.7  2013   455.6  2018   526.1  2009   279.5  2019  1386.9  1915
   47.2  2005   71.4  2021  113.3  1944  160.5  1982  200.3  2008  195.7  1932  173.3  2019  164.0  1974  130.7  2005   94.6  1987   59.6  1978   42.6  1935   156.3  1991   454.1  2001   525.6  1914   279.4  1981  1386.9  1948
   47.0  1978   70.8  1975  113.0  1986  160.4  2016  199.2  1940  194.6  1934  171.7  1951  163.5  1996  129.7  1937   94.6  1964   59.5  1967   42.2  2006   155.6  1995   453.4  1914   524.2  1960   279.1  1925  1386.0  1914
   46.9  1988   70.8  1946  112.9  1949  159.9  1957  199.1  2010  193.5  1986  171.6  1982  162.5  1935  128.2  2007   94.5  1985   59.3  2009   42.1  1938   154.8  1977   452.2  2002   523.8  1970   278.3  2022  1385.9  2021
   46.9  1934   70.2  2023  112.8  1962  159.6  1922  198.4  2012  193.5  1992  171.2  1926  162.1  1972  128.0  2009   93.8  1947   58.5  2011   41.6  2013   153.4  1970   449.3  1977   523.7  1999   277.7  1998  1381.9  2005
   46.8  1954   70.0  1998  112.4  1950  158.3  2017  197.0  1957  192.3  1973  171.2  1950  161.9  2004  127.7  1990   93.8  1962   58.4  1913   41.4  1963   153.3  1956   448.0  1974   521.7  1951   277.7  2015  1381.2  1940
   46.8  1992   70.0  1983  111.8  1970  158.2  2023  196.2  2004  191.9  1941  170.6  1963  160.6  1993  127.7  1963   93.4  1980   58.3  1995   41.3  1986   153.2  2021   447.9  2000   520.4  1929   275.8  1949  1381.1  1919
   46.7  1986   69.6  1936  109.5  2002  157.6  1936  196.0  1961  191.4  1942  169.4  2011  159.7  1940  127.4  1973   93.1  1930   58.2  2021   41.0  1964   152.7  1986   447.0  1945   518.9  1957   275.7  1961  1375.2  2008
   46.5  1932   69.3  1932  109.4  1945  156.9  1939  195.1  1953  191.0  2003  169.2  1924  159.3  1936  126.4  2011   92.7  1928   58.2  1960   40.8  1995   151.7  1928   446.5  1962   516.9  1967   275.0  2011  1370.3  1952
   46.4  1990   69.0  2005  109.4  1935  156.5  1995  193.9  1978  190.0  1974  169.0  1972  159.3  2001  125.9  1975   92.6  1941   57.9  1990   40.8  1936   151.4  1955   446.5  2023   513.5  1930   273.7  1972  1369.3  2017
   46.4  1945   68.7  1920  109.2  2004  155.9  1952  191.4  1995  189.2  1968  168.8  2009  158.3  1966  125.1  1918   92.5  1938   56.8  1979   40.6  1932   150.8  2016   446.4  1959   512.0  1941   273.0  2002  1368.0  1925
   46.1  1911   68.4  1962  108.1  1966  153.9  2008  190.7  1988  188.7  2015  168.2  2017  157.8  1930  125.1  2010   92.4  1945   56.7  2007   40.4  2016   150.4  1939   444.4  1984   511.7  1997   271.6  1989  1367.4  1973
   45.9  1958   67.7  1939  107.3  1927  153.3  1994  190.5  1910  187.3  1919  167.3  1952  157.7  1965  125.1  1988   91.9  1983   56.6  1911   40.4  1944   150.2  1946   443.7  1910   510.0  2005   271.6  1952  1365.3  1934
   45.7  1987   67.7  2002  107.1  1918  152.2  1929  190.5  2011  186.9  1961  167.0  1991  157.7  1977  124.2  1942   91.6  1912   56.3  1943   40.2  2000   150.1  1998   439.1  1912   509.0  1977   270.5  2009  1364.9  1977
   45.7  1946   67.4  1950  106.0  1934  151.1  1949  187.1  1998  183.8  1928  166.7  1925  157.6  2013  124.0  1953   91.6  1996   55.9  1950   40.1  1980   149.8  2017   437.6  1957   508.1  2019   270.4  1985  1363.9  1928
   45.7  1977   67.3  2007  105.8  1999  150.9  1925  186.9  2019  183.2  1926  166.1  1967  156.8  1945  123.9  1935   91.3  1972   55.8  1921   39.9  1983   149.8  1936   436.6  1938   506.4  1943   270.0  1990  1359.8  1951
   45.4  1947   67.1  2006  105.6  1993  150.4  1977  185.7  1952  182.7  1922  165.9  2008  156.6  1950  123.7  1947   90.5  1927   55.6  1927   39.6  1926   149.4  1987   436.4  1951   504.3  1974   268.7  2004  1358.8  1994
   45.4  1982   67.0  1956  105.6  1923  149.1  1981  184.2  1918  182.3  1943  165.2  1948  156.4  1938  123.6  1939   90.4  2015   55.4  2001   39.0  1949   148.4  1945   436.3  1911   503.3  1973   266.0  1940  1358.2  1950
   45.4  2006   66.9  1990  105.5  1968  148.4  1965  183.6  1937  181.4  1994  163.7  1958  155.5  1961  123.4  1960   90.2  1923   55.0  2022   38.6  2011   148.4  1997   434.8  1952   501.5  1915   265.0  2020  1358.2  2000
   45.1  2020   66.7  1981  105.1  1932  148.0  1960  183.3  1939  181.3  1984  162.5  1923  155.3  1970  122.2  1974   90.1  2012   54.9  1993   38.1  1955   148.2  1981   432.8  1939   498.5  2021   264.5  1954  1358.0  1957
   44.8  1957   66.7  1995  104.2  1994  147.5  1915  182.4  1960  181.0  2021  162.0  1946  155.1  2017  122.1  2014   90.1  2011   54.4  2000   38.0  1981   148.0  1961   432.1  1927   497.6  2015   264.1  2008  1356.9  1971
   44.7  1998   66.0  1930  104.2  1978  147.2  1991  181.8  1963  180.3  1936  161.9  2005  154.9  1928  122.1  1944   89.7  1950   54.4  1949   38.0  1923   147.3  1994   430.9  1950   493.2  2010   263.7  1926  1355.5  2004
   44.5  1949   66.0  1916  104.0  2000  147.1  1973  181.7  1987  180.1  1963  161.5  1966  154.3  2009  121.9  1982   89.1  1977   54.2  1929   37.9  1990   147.2  2011   430.9  1918   487.5  2001   263.6  1977  1354.2  1986
   44.4  1930   65.6  1979  104.0  1941  146.9  1999  181.7  1984  178.7  2008  161.0  1964  154.0  1916  120.9  1972   89.0  1979   54.2  1964   37.8  1974   146.8  1984   430.9  1954   487.2  1962   263.2  1922  1353.9  1967
   44.2  2021   65.3  1915  103.9  1920  146.2  2005  180.9  1974  177.5  1910  160.8  2015  153.3  1994  120.5  1910   88.6  1967   54.1  1937   37.5  2020   146.8  1979   430.4  1919   487.0  1939   262.4  1948  1353.2  1970
   43.9  1995   65.3  1922  103.7  1940  146.2  1927  178.6  1927  176.6  2014  160.4  1942  151.6  1968  120.4  1943   88.5  1969   53.7  1938   37.2  1943   146.6  1960   430.3  1973   486.8  1992   262.0  1910  1350.2  1947
   43.2  1920   64.5  1969  103.7  1958  144.1  2014  178.5  1936  174.5  2011  160.1  2001  151.5  1931  120.3  1995   88.4  2001   53.4  2008   36.7  1911   146.6  1932   430.2  2005   484.9  1952   261.7  1939  1346.7  1953
   42.7  2014   64.3  1948  103.4  1930  144.0  1976  178.4  1951  170.9  1988  160.0  2007  151.4  1988  120.3  1978   88.4  2019   53.2  2020   36.7  1993   146.1  1983   429.4  2004   483.4  1991   261.6  1943  1339.5  1974
   42.5  1923   63.0  1997  103.2  1985  143.1  1943  177.7  1958  170.9  1945  158.8  2003  150.9  1992  119.4  2016   88.4  1973   53.1  1928   36.6  1914   144.8  1996   427.7  1975   483.1  2004   260.7  2013  1338.7  1918
   42.4  1918   62.8  1937  102.7  1915  143.1  1950  177.4  1996  170.9  1913  156.6  2016  150.7  1939  119.2  1966   88.1  1913   53.1  1935   36.5  1972   144.1  1920   425.9  2006   482.6  1961   260.4  1978  1338.5  1962
   42.3  1976   62.6  2012  102.4  1937  140.7  1997  176.5  1920  170.7  1927  156.4  1915  150.5  2012  118.8  2021   87.6  1948   53.1  1922   36.5  1982   143.9  1975   425.7  1994   482.3  1945   260.1  1937  1337.1  1982
   42.2  1935   62.6  1921  102.2  2021  140.0  1958  176.2  2013  170.4  1952  156.3  1953  149.6  1999  118.6  2022   87.3  1988   52.9  1940   36.5  1950   143.7  1958   423.2  2013   481.9  1971   259.6  1965  1336.9  1960
   42.0  2004   62.3  1987  102.0  1911  139.6  1918  176.0  2006  170.4  1938  156.2  1919  148.1  2015  118.2  1958   87.0  1984   52.6  1942   36.4  1975   143.0  1953   422.1  1968   480.9  2000   259.0  1917  1332.5  1969
   41.8  1997   62.0  1977  101.3  1963  138.5  1987  175.7  1934  169.4  2013  156.1  1985  147.5  2002  117.2  1989   86.9  2000   52.4  1957   36.2  2018   142.7  1973   421.4  1958   479.3  1972   257.7  1930  1332.2  2012
   41.7  1951   61.9  1959  101.1  1954  136.8  1959  175.7  1944  168.6  2004  154.6  1945  147.2  1952  117.0  1926   86.3  1958   52.1  1955   36.2  1992   142.3  1950   420.3  1971   478.8  2017   257.7  1980  1330.0  1956
   41.4  1974   61.8  1953  100.9  1913  134.7  1972  175.4  1950  168.1  2001  154.2  1947  147.1  1960  117.0  1961   86.2  1911   52.0  1980   36.2  1920   142.2  1957   419.0  1944   477.3  1968   257.3  2021  1325.0  1961
   41.3  1981   61.7  2010  100.9  1989  134.5  2000  174.9  1964  167.1  1935  153.9  1956  147.1  2018  116.2  1917   86.0  2002   51.8  1970   36.1  1954   142.2  1964   419.0  2014   476.1  1953   257.1  1920  1322.6  1939
   41.3  1924   61.6  1944  100.1  1921  134.4  2001  174.2  2007  167.1  1999  153.8  2000  146.7  1927  115.9  1970   85.7  1925   51.8  1966   35.5  1928   142.1  1943   418.1  1987   473.4  1964   255.7  1918  1317.6  1988
   40.7  1961   61.6  1945  100.0  1974  134.3  1983  173.8  2015  166.1  2005  152.6  2004  146.5  1934  114.8  1948   85.4  1949   51.4  1974   35.5  1924   142.1  1965   416.5  1961   472.1  2016   255.5  1967  1314.5  1917
   40.6  1939   61.0  1951   99.8  1946  133.9  1924  172.3  1926  166.1  1977  151.2  1940  146.2  1932  114.6  1998   84.9  1943   51.1  2014   35.3  1997   142.0  1990   415.8  1992   470.1  2007   255.2  2014  1314.4  1942
   40.1  1916   60.9  1964   99.8  2001  133.6  1947  172.1  1917  163.0  1979  150.4  1979  146.1  2010  114.5  1925   84.8  2006   51.1  1933   35.3  1977   141.2  1992   415.4  1940   470.0  2011   254.8  1951  1313.5  1910
   40.1  1927   60.9  1941   99.6  1976  133.3  1970  171.9  2002  162.9  1985  150.3  1974  145.5  1962  113.6  2013   84.4  1990   51.0  1914   35.2  1966   139.7  1978   415.2  1965   468.5  1936   254.3  1993  1309.3  1922
   40.0  1919   60.7  1971   98.9  1919  132.4  1935  170.6  2003  162.2  1937  148.6  1910  145.4  1969  112.2  1980   84.3  1970   50.9  1992   35.1  1991   139.6  1974   414.9  1966   467.9  1986   253.8  1934  1307.8  1946
   39.8  1964   60.4  1911   97.9  1987  131.4  2018  170.2  1986  161.4  1924  146.6  1973  145.4  2020  111.6  1952   84.1  1992   50.8  1954   35.0  1933   139.3  1937   411.5  1933   466.4  1993   253.7  1931  1301.3  1963
   39.7  1983   60.4  1961   97.8  1922  131.2  1989  169.7  1979  161.2  2020  145.7  1987  144.6  1982  111.5  1924   83.1  1944   50.5  1920   34.4  1998   139.2  1951   411.0  1999   465.4  1982   253.2  1942  1297.2  2002
   39.2  1943   60.4  1925   97.2  1975  131.1  1917  168.2  1994  160.8  1956  145.5  1914  144.3  1941  110.8  1912   83.1  2009   50.2  1982   34.4  1940   139.1  1931   410.9  1967   464.1  1932   252.9  1938  1295.8  1945
   38.8  1929   59.6  1938   95.0  1959  130.0  1944  165.6  1970  160.8  1993  145.3  1986  144.3  1979  109.5  1985   82.5  2004   50.1  1926   33.8  1945   138.3  1947   410.8  1970   462.7  1963   252.5  1974  1293.9  1991
   38.7  1925   59.4  1992   94.3  1925  130.0  1928  165.5  1947  160.0  1978  145.0  1993  144.1  1913  109.0  1994   82.4  1953   49.9  1956   33.4  1988   137.8  1915   410.6  1924   462.2  1942   251.9  1970  1292.9  1926
   38.4  1922   59.1  1994   93.7  1914  128.9  1932  165.1  1962  159.7  2019  144.5  2020  143.5  1967  108.6  2000   82.2  1924   49.5  1959   33.0  1941   137.3  1982   410.3  1978   461.2  1966   251.9  1963  1290.2  1930
   38.1  2008   59.1  1991   93.3  1952  128.9  1923  164.2  1945  159.0  1983  144.3  1916  140.8  1987  108.4  2017   82.0  2014   49.0  2002   32.9  1921   136.9  1980   409.7  1986   458.0  1985   251.7  1969  1286.6  1979
   37.8  1941   59.1  1914   92.5  1939  128.7  1988  161.4  2021  158.7  1965  142.5  1992  139.2  1929  108.1  1932   80.5  1932   48.9  1951   32.8  1939   136.6  1971   408.6  1988   457.7  1979   251.6  1913  1285.9  1938
   37.6  1936   57.5  1931   91.1  1917  127.4  1967  161.2  1913  158.0  1955  141.9  1930  138.9  1985  107.8  1951   80.5  1978   48.4  1963   32.8  1953   136.6  1922   405.1  1963   457.4  1938   251.6  2001  1283.0  1992
   37.3  1938   57.4  1978   91.0  1926  126.9  1998  161.1  1993  156.6  1946  141.3  1960  138.8  1918  107.7  2001   80.2  2021   48.1  2019   32.4  1937   136.4  1911   404.7  1960   454.9  1910   251.6  2017  1273.8  1923
   37.3  2016   56.9  1919   89.9  1979  126.7  2012  160.7  1931  156.1  1947  140.3  2023  138.3  1921  107.4  1967   79.3  1966   48.1  1931   32.4  1922   136.4  1918   402.3  1931   454.3  1946   251.2  1994  1271.5  1964
   37.1  1953   56.7  1954   89.7  1912  126.6  1933  160.5  1928  155.6  2000  140.2  1961  136.9  1951  107.1  1968   79.1  1989   48.0  1919   32.2  1919   136.3  1954   400.9  1972   453.9  1923   250.4  1953  1271.4  1972
   36.9  2002   56.0  1927   89.2  1988  126.4  1986  160.0  1985  155.5  2017  139.5  2002  136.6  1956  106.7  1938   78.8  1974   48.0  1991   32.1  1916   135.7  1927   400.8  1936   452.5  1988   250.3  1966  1269.0  1985
   36.9  1960   55.5  1974   88.0  2006  126.2  1911  158.9  1938  149.4  1953  138.4  2010  135.7  1946  106.5  1957   77.1  2013   47.3  1936   32.0  1913   134.6  1925   398.9  1934   451.3  1956   250.3  1944  1261.5  1983
   36.9  1972   54.7  2017   87.4  1971  124.0  2004  158.5  1923  149.2  1982  138.2  1922  135.5  2006  105.3  1920   76.5  1946   46.8  1987   31.8  1985   133.2  1916   395.9  1925   451.0  2020   250.0  1935  1259.1  1936
   36.6  1955   54.5  1917   85.9  1951  123.3  1975  158.3  1999  149.2  2002  136.8  1970  135.4  1915  105.2  1913   76.4  1942   46.5  1981   31.6  1918   133.1  1941   394.9  1976   449.4  1924   250.0  2000  1258.9  1965
   36.1  2013   53.9  1982   83.6  2018  122.8  1910  157.4  1973  148.2  1972  136.6  1981  135.3  1925  103.8  1916   76.3  1937   46.2  1924   31.5  1968   131.1  1944   394.2  1917   448.8  1927   249.2  1958  1258.0  1998
   36.0  1915   53.6  1984   81.6  2005  122.2  1971  157.4  1914  148.0  1948  136.5  2012  130.3  1957  103.7  1977   75.8  1963   45.1  2004   31.1  2002   129.7  1924   393.0  1923   448.4  2008   247.5  1950  1256.0  1980
   35.9  1950   53.5  1912   81.3  1980  122.1  1963  157.0  1930  147.5  1964  136.5  1968  129.1  1986  103.6  1930   75.2  1933   45.0  1944   30.8  1931   129.4  1938   392.1  1969   448.4  1920   243.0  1927  1247.6  1968
   35.7  1937   53.5  1935   81.2  1977  121.8  1985  156.7  1916  146.8  1944  135.4  1978  128.8  1910  103.0  1993   74.7  1954   44.7  1958   30.5  1958   129.0  1921   388.4  1916   447.9  1913   242.4  1960  1246.7  1927
   35.5  1926   53.2  2009   81.1  2023  121.1  1919  154.0  2022  145.7  1931  133.3  1998  128.4  1971  102.9  1992   74.5  1910   44.7  1916   30.3  1942   128.5  1919   385.1  1998   447.6  1981   241.9  1936  1242.4  1987
   35.3  1975   53.1  1942   80.8  1957  120.7  1926  153.8  1912  143.5  1981  133.3  1912  128.2  1943  101.9  2008   74.4  1991   44.3  1968   29.9  1910   127.2  1976   385.0  1985   446.9  1937   240.8  1956  1240.0  1981
   34.9  1948   52.0  1913   80.8  1969  120.5  1996  153.2  1941  141.9  1971  133.1  1962  127.4  1920  101.9  1950   73.7  1915   44.3  1932   29.8  1987   127.1  1969   384.0  1926   446.0  1998   239.9  1924  1238.3  1941
   34.3  1968   51.6  1958   80.7  2013  120.3  1979  151.8  1967  141.4  1966  133.0  1913  127.1  2021  101.4  1922   73.6  1957   44.0  1953   29.6  1969   126.6  1948   380.3  1930   443.5  1922   238.0  1992  1230.5  1966
   33.5  1912   51.1  2011   80.6  1991  119.9  1930  151.4  1976  141.3  1980  131.4  1927  126.4  1917  100.0  1931   73.0  1935   43.7  1984   29.5  1978   124.6  1929   379.9  1979   437.3  1965   236.5  1982  1229.8  1944
   33.4  1942   50.4  1924   78.7  1947  117.2  1934  150.7  1925  140.6  2007  130.7  1938  126.2  2011   99.1  1969   73.0  1914   42.1  1983   29.1  2015   123.8  1912   378.7  1993   436.2  2002   235.9  1912  1229.5  1920
   33.0  1971   50.2  1929   75.8  1942  116.4  1964  150.0  1954  140.0  1998  130.2  1988  125.9  1980   98.0  1936   72.4  2017   41.8  1945   28.7  1989   122.9  1940   377.9  1947   435.6  1916   232.9  1932  1227.1  1924
   32.8  1993   50.2  1918   74.6  1928  115.5  1913  148.8  2014  138.4  1954  130.1  1980  122.7  1978   97.8  1984   72.2  1934   41.6  1994   28.2  1930   121.8  1923   377.6  1913   426.3  1944   232.6  1957  1222.7  1978
   32.2  1944   48.6  1976   74.3  1960  112.4  1940  148.8  1968  137.8  1997  128.9  1936  122.6  1922   97.6  1941   71.7  1940   41.5  1917   28.1  1959   121.0  1926   376.7  1937   423.1  1948   231.5  1941  1214.8  1937
   31.7  1973   46.8  1923   73.2  1981  112.2  1978  148.3  1965  137.4  1916  123.5  1957  118.8  1924   97.6  1962   71.4  2005   41.3  1941   27.9  1971   119.7  1914   375.9  1920   418.1  1978   230.8  1962  1213.8  1932
   31.2  1969   44.1  1972   72.1  1983  112.1  1993  146.1  1991  134.7  2016  123.4  1920  118.3  1958   96.9  1927   69.6  1916   41.0  1997   27.5  1947   119.6  1942   374.0  1991   414.0  1958   229.9  1983  1212.7  1958
   30.2  1921   43.5  1980   71.2  1998  110.8  1992  146.0  1924  132.9  1991  122.6  1939  114.3  1954   96.0  1983   68.0  1918   40.0  1934   27.1  1915   116.7  1935   367.0  1981   412.3  1931   228.4  1984  1211.0  1993
   29.7  1966   43.0  1947   70.2  1992  110.5  1931  144.7  1981  132.1  1958  122.2  1932  112.0  1963   95.8  1946   66.9  2020   39.4  1962   26.9  2021   114.6  1966   365.1  1928   402.4  1987   224.7  1945  1210.0  1931
   29.4  1970   42.2  1993   69.1  1916  105.8  1941  144.6  1972  129.7  1912  120.9  1965  110.4  1942   95.0  1976   65.1  1976   38.8  1946   26.9  1927   114.6  1917   363.0  1941   400.9  2012   222.1  1976  1207.7  1954
   29.3  1913   41.8  1926   64.9  1964  102.8  1966  142.0  1933  126.7  1923  120.0  1954  109.9  1948   91.9  1965   64.3  1982   38.6  1939   21.0  1934   111.2  1993   361.0  1996   397.3  1980   218.1  1916  1190.5  1913
   28.6  1914   41.5  1965   64.7  1936  101.4  1961  134.2  1969  121.1  1990  118.2  1937  103.8  2008   91.3  1956   60.8  1960   35.5  2015   19.5  1956   108.9  1972   360.4  1932   372.7  1954   211.2  1946  1180.3  1916
   28.0  1917   39.2  1966   63.0  1996   95.4  1920  126.4  1932  115.9  1987  115.1  1931   80.5  1912   90.5  1945   56.8  1968   33.5  1912   19.4  1912   100.7  1913   356.2  1964   343.5  1912   208.2  1968  1124.8  1912
   21.4  1996   36.4  1940   60.8  1984   90.7  1937  115.9  1983  113.9  2012  107.2  1944    ---  2023    ---  2023    ---  2023    ---  2023    ---  2023     ---  1910   322.3  1983     ---  2023     ---  2023     ---  2023
